"species","x","y","bio2","bio3","bio10","bio15","bio18","bio19"
"species",1,1,9.10608291625977,50.5584526062012,14.2456665039062,15.6866092681885,166,223
"species",2,2,9.41174983978271,51.5373420715332,17.5026664733887,37.5333518981934,107,295
"species",3,3,7.4202127456665,43.3795623779297,17.8423767089844,21.2443580627441,154,259
"species",4,4,8.84960746765137,48.6903114318848,17.1037254333496,23.46360206604,115,208
"species",5,5,8.52041721343994,49.5545921325684,17.712833404541,22.9067077636719,122,199
"species",6,6,8.56439399719238,49.1372184753418,18.0196971893311,21.6525020599365,120,185
"species",7,7,10.702166557312,47.402961730957,17.6353340148926,38.4232749938965,108,298
"species",8,8,9.8973331451416,49.5535659790039,17.6704998016357,23.3397331237793,189,331
"species",9,9,11.9723329544067,48.7572135925293,17.8878326416016,16.2251281738281,165,155
"species",10,10,9.50699996948242,48.1684188842773,18.8608322143555,15.2184066772461,127,166
"species",11,11,9.5180835723877,51.5298728942871,15.2691669464111,15.0099315643311,157,188
"species",12,12,7.23555564880371,45.134464263916,17.5612964630127,31.146692276001,158,341
"species",13,13,6.31899976730347,42.3866348266602,17.0493335723877,32.3579216003418,170,377
"species",14,14,9.42825031280518,47.3068199157715,17.7928333282471,25.8486366271973,300,181
"species",15,15,9.79183387756348,47.919319152832,17.8780002593994,18.7436504364014,146,164
"species",16,16,8.92045497894287,47.7610130310059,18.2420444488525,26.7982654571533,152,294
"species",17,17,10.7764167785645,47.1491813659668,18.6749992370605,36.6571846008301,90,226
"species",18,18,13.6899166107178,52.6454238891602,20.3145008087158,35.9877586364746,68,165
"species",19,19,10.8084163665771,49.4619102478027,18.8668327331543,19.2711448669434,137,144
"species",20,20,8.57075023651123,50.1418685913086,17.1631660461426,41.2152290344238,113,340
"species",21,21,9.00458335876465,46.2485008239746,18.480167388916,23.4888019561768,165,291
"species",22,22,9.40391635894775,45.4624900817871,16.8658332824707,20.3937759399414,164,237
"species",23,23,9.56099987030029,50.783447265625,17.869499206543,33.1566696166992,130,312
"species",24,24,11.6446666717529,50.521354675293,18.201000213623,31.982780456543,90,207
"species",25,25,7.48026275634766,47.4739036560059,17.2857456207275,25.0902576446533,131,236
"species",26,26,10.9301671981812,47.3782691955566,17.7783336639404,17.6704330444336,158,217
"species",27,27,7.92950439453125,48.939395904541,17.8027019500732,23.1667594909668,120,200
"species",28,28,11.5334997177124,50.1805610656738,18.1876659393311,33.7105979919434,88,214
"species",29,29,9.21125030517578,43.4554405212402,17.8941669464111,21.1572971343994,200,340
"species",30,30,8.48888874053955,48.1371917724609,17.1099033355713,21.1893825531006,131,211
"species",31,31,9.99233341217041,46.2972412109375,19.8196678161621,14.1185111999512,155,178
"species",32,32,13.1824998855591,51.936408996582,19.8708343505859,33.069206237793,69,147
"species",33,33,12.560583114624,52.7600440979004,19.9328327178955,43.1279563903809,69,212
"species",34,34,9.53108310699463,44.4173889160156,18.2861671447754,19.3047218322754,187,298
"species",35,35,8.51176452636719,48.3703804016113,18.3426475524902,19.7069683074951,121,178
"species",36,36,8.48758506774902,49.7716178894043,17.6040821075439,35.0028533935547,133,339
"species",37,37,8.74033355712891,48.1906242370605,17.3718338012695,29.7414207458496,135,286
"species",38,38,10.3114995956421,48.4471893310547,18.1121673583984,17.5608921051025,141,163
"species",39,39,9.65391635894775,46.6981887817383,19.167667388916,20.1173801422119,269,218
"species",40,40,7.63649988174438,46.3858299255371,16.9426670074463,31.4768199920654,150,338
"species",41,41,9.86200046539307,47.5254173278809,17.3768329620361,15.6568260192871,198,185
"species",42,42,10.1382493972778,47.0845680236816,17.5974998474121,18.01025390625,154,188
"species",43,43,10.2728338241577,47.2162246704102,17.208833694458,18.3485679626465,149,204
"species",44,44,9.69766616821289,49.4778938293457,18.3618335723877,21.8649234771729,121,187
"species",45,45,10.5622501373291,47.1507987976074,17.0853328704834,14.3630876541138,166,185
"species",46,46,13.4322500228882,52.7209739685059,20.2076663970947,39.6791114807129,65,180
"species",47,47,13.2030000686646,52.9794158935547,20.0656661987305,40.1162071228027,67,188
"species",48,48,12.5725002288818,52.9056549072266,19.7521667480469,43.7148857116699,68,213
"species",49,49,9.52891635894775,48.9214324951172,17.9541664123535,25.8882999420166,171,323
"species",50,50,9.06141662597656,51.1828765869141,17.3946666717529,43.5360527038574,96,315
"species",51,51,8.38157844543457,50.1943664550781,17.2058486938477,42.3090972900391,112,348
"species",52,52,6.09700012207031,44.2709846496582,16.6606674194336,31.2797870635986,171,382
"species",53,53,9.08883285522461,46.9852828979492,20.0540008544922,22.2470588684082,314,261
"species",54,54,10.2562294006348,50.5509643554688,18.4803028106689,15.8941774368286,141,180
"species",55,55,8.76424980163574,49.8336868286133,16.0771675109863,19.0379524230957,188,292
"species",56,56,8.72175025939941,49.4150123596191,16.7011661529541,16.6371212005615,172,239
"species",57,57,8.76658344268799,49.523120880127,16.4715003967285,18.79931640625,172,265
"species",58,58,8.94050025939941,45.473274230957,17.7133331298828,19.7854633331299,209,320
"species",59,59,11.9427499771118,49.1067047119141,19.3986663818359,36.6024513244629,91,222
"species",60,60,9.49659633636475,52.8167266845703,16.8096237182617,15.9117479324341,179,207
"species",61,61,9.72649955749512,45.2816543579102,19.2708339691162,17.3274307250977,169,242
"species",62,62,9.80841636657715,46.5648345947266,17.4351673126221,18.5357074737549,154,192
"species",63,63,13.0933332443237,52.9579925537109,20.3826656341553,42.646354675293,64,195
"species",64,64,13.2047500610352,52.4018783569336,20.3648338317871,40.4474334716797,63,179
"species",65,65,10.7130832672119,50.5715789794922,18.2323341369629,26.831521987915,274,155
"species",66,66,6.80014133453369,43.3785667419434,20.5344638824463,22.774019241333,357,287
"species",67,67,10.7496662139893,46.3048324584961,17.4769992828369,20.6005516052246,157,251
"species",68,68,8.89884567260742,51.3425331115723,17.6189746856689,44.8410224914551,96,322
"species",69,69,10.1336669921875,50.6253051757812,18.2023334503174,17.107400894165,159,226
"species",70,70,8.27422714233398,46.5005798339844,20.3410663604736,24.5039539337158,303,258
"species",71,71,10.2443332672119,46.6946258544922,17.1251659393311,37.0220565795898,111,293
"species",72,72,9.54139804840088,52.8940162658691,16.3959674835205,19.9585380554199,170,177
"species",73,73,8.06234931945801,49.5942344665527,16.2650604248047,35.9820442199707,170,447
"species",74,74,9.1069164276123,47.8404922485352,20.1079998016357,22.3636264801025,294,242
"species",75,75,10.2790002822876,46.6845321655273,17.9449996948242,38.0817756652832,97,259
"species",76,76,11.7214164733887,52.475341796875,19.6138343811035,48.1349105834961,67,245
"species",77,77,7.50250005722046,44.0661125183105,19.1714820861816,11.2493581771851,219,245
"species",78,78,12.0314168930054,48.807014465332,19.7806663513184,33.9760093688965,86,192
"species",79,79,13.4549999237061,53.0894889831543,20.0863342285156,37.1105270385742,70,176
"species",80,80,9.73091697692871,46.1333961486816,16.5895004272461,37.817440032959,112,310
"species",81,81,11.168833732605,49.3257675170898,18.3764991760254,15.2870683670044,164,167
"species",82,82,10.5057497024536,48.5815048217773,18.1189994812012,15.9531135559082,190,182
"species",83,83,8.59411811828613,51.8085098266602,15.8725490570068,17.6045818328857,167,187
"species",84,84,8.46525001525879,46.5046997070312,20.681999206543,24.8137760162354,336,275
"species",85,85,11.8871669769287,50.6203079223633,18.3001670837402,33.8130836486816,90,221
"species",86,86,9.59191703796387,46.5220527648926,19.1241664886475,16.2059955596924,161,228
"species",87,87,9.05491638183594,47.4104232788086,19.3013324737549,21.265588760376,283,240
"species",88,88,10.5543336868286,47.6149635314941,17.5258331298828,17.3501033782959,148,184
"species",89,89,10.3779163360596,46.8402061462402,17.1156673431396,19.1874008178711,164,235
"species",90,90,9.31808376312256,47.471004486084,17.8346672058105,27.1596031188965,306,180
"species",91,91,11.3009166717529,47.8832130432129,18.1294994354248,28.3626842498779,356,194
"species",92,92,10.7289161682129,51.9107627868652,17.970832824707,42.1596908569336,80,253
"species",93,93,10.8780002593994,48.2694358825684,17.9495010375977,36.9620208740234,91,239
"species",94,94,12.2595834732056,52.4160232543945,19.9166660308838,43.5354194641113,67,209
"species",95,95,9.58402824401855,52.8218841552734,15.7311506271362,14.3005323410034,153,169
"species",96,96,12.6108331680298,52.4904632568359,19.6215000152588,41.7447128295898,77,225
"species",97,97,11.8773326873779,52.8492202758789,19.4468326568604,47.9158554077148,69,251
"species",98,98,12.2798328399658,53.2424240112305,19.6844997406006,46.8265571594238,69,240
"species",99,99,12.9932498931885,51.0079307556152,19.9991664886475,35.0206184387207,70,163
"species",100,100,8.94558334350586,49.9502105712891,17.6106662750244,49.9595375061035,87,339
"species",101,101,9.9243335723877,47.5371627807617,16.5986671447754,35.8592185974121,109,284
"species",102,102,9.04187774658203,47.8823127746582,18.0145568847656,28.4975910186768,159,324
"species",103,103,11.1804170608521,48.0258445739746,18.4096660614014,36.7979278564453,96,246
"species",104,104,7.41250038146973,46.9806327819824,17.276481628418,33.893123626709,156,382
"species",105,105,8.13449382781982,46.8112640380859,17.7751064300537,31.0811424255371,153,336
"species",106,106,10.6058330535889,49.8534965515137,18.1306667327881,14.9684143066406,148,164
"species",107,107,8.94602680206299,48.9164733886719,17.464729309082,19.0824890136719,136,208
"species",108,108,13.2690830230713,52.57373046875,19.9298324584961,34.8050804138184,70,160
"species",109,109,11.59375,48.347583770752,18.2358341217041,16.8861312866211,202,175
"species",110,110,9.61425018310547,44.2400588989258,17.4811668395996,31.7779273986816,415,220
"species",111,111,12.9364166259766,53.1618995666504,20.0011672973633,42.1264610290527,71,210
"species",112,112,6.02729606628418,41.9126510620117,16.6518707275391,31.39084815979,183,393
"species",113,113,12.9527502059937,51.3488616943359,19.9078330993652,32.1496200561523,70,143
"species",114,114,9.82349967956543,44.5187149047852,16.4131660461426,24.6155452728271,172,314
"species",115,115,11.6665830612183,49.2988929748535,18.6615009307861,38.0214233398438,89,231
"species",116,116,11.4698333740234,50.0014533996582,18.1396675109863,36.6119728088379,84,223
"species",117,117,12.1237506866455,49.6691818237305,19.0925006866455,37.2375984191895,88,219
"species",118,118,11.3162498474121,47.6754722595215,19.7338333129883,17.2244987487793,209,163
"species",119,119,10.5979166030884,48.8811264038086,17.320499420166,31.3699436187744,102,227
"species",120,120,9.49241638183594,50.5911483764648,17.7469997406006,48.7500419616699,85,322
"species",121,121,10.2065000534058,50.283275604248,24.4446659088135,45.885066986084,590,207
"species",122,122,11.2145004272461,47.6624565124512,18.4346675872803,15.7808561325073,146,187
"species",123,123,8.07791614532471,47.696720123291,17.1963329315186,24.9728469848633,136,240
"species",124,124,7.70585584640503,49.3196105957031,17.5504512786865,42.0292816162109,102,310
"species",125,125,8.55741596221924,50.3495903015137,17.0983333587646,42.3068809509277,110,345
"species",126,126,8.75625038146973,50.8315925598145,17.3673324584961,44.6004409790039,94,317
"species",127,127,10.449333190918,47.1987571716309,17.5233325958252,37.8396377563477,100,273
"species",128,128,13.1518335342407,52.0617256164551,19.8848342895508,35.8956069946289,72,172
"species",129,129,8.63224029541016,50.6703872680664,15.3868856430054,12.673469543457,153,185
"species",130,130,10.3581590652466,50.7856636047363,18.4375,16.1104793548584,145,192
"species",131,131,9.06491661071777,47.9270210266113,18.0088329315186,16.3893890380859,239,212
"species",132,132,13.2497501373291,51.5835494995117,20.0036659240723,34.7541122436523,70,159
"species",133,133,8.54489803314209,45.8397216796875,21.8096942901611,27.0509834289551,375,276
"species",134,134,7.35916662216187,44.870231628418,16.4329986572266,29.3896007537842,165,346
"species",135,135,10.1046667098999,46.7095031738281,17.0034999847412,34.1666831970215,117,281
"species",136,136,11.0053329467773,46.3694839477539,17.4383335113525,19.4156494140625,162,248
"species",137,137,10.7762498855591,49.9687004089355,18.94700050354,18.6282424926758,129,144
"species",138,138,10.6497497558594,48.8655128479004,21.6908340454102,32.6395149230957,318,163
"species",139,139,10.8517503738403,49.036376953125,21.825834274292,30.852108001709,308,169
"species",140,140,9.57591724395752,46.3926963806152,17.7571678161621,18.3995037078857,230,183
"species",141,141,9.67458343505859,49.0970993041992,18.3341655731201,23.8594646453857,120,197
"species",142,142,9.65691661834717,45.4871253967285,18.2096672058105,35.9684104919434,433,204
"species",143,143,8.28446960449219,46.331958770752,22.169319152832,25.9289512634277,313,282
"species",144,144,9.53699970245361,46.0546646118164,16.9948329925537,15.6019239425659,221,263
"species",145,145,10.0695829391479,45.0117721557617,17.5170001983643,28.1074695587158,369,206
"species",146,146,8.9682502746582,49.1653442382812,17.8321666717529,51.2376403808594,80,332
"species",147,147,12.6838331222534,50.6725006103516,18.5626659393311,17.662223815918,171,145
"species",148,148,14.361499786377,44.9513282775879,28.9866676330566,31.2642688751221,63,40
"species",149,149,13.3306665420532,46.2757911682129,22.1618328094482,20.3063488006592,150,221
"species",150,150,9.2924165725708,43.2245635986328,17.3178329467773,23.825984954834,205,382
"species",151,151,8.53874969482422,50.1895599365234,16.9930000305176,41.4252433776855,119,359
"species",152,152,8.5035514831543,50.2389030456543,17.2546443939209,42.8063316345215,112,351
"species",153,153,6.96808338165283,44.7762718200684,16.3273334503174,27.5273361206055,164,323
"species",154,154,9.10824966430664,50.255184173584,17.4781665802002,49.887565612793,85,332
"species",155,155,7.66633319854736,46.6605796813965,16.9053325653076,31.5646324157715,153,347
"species",156,156,12.9157495498657,47.9711380004883,18.08766746521,14.4096612930298,210,233
"species",157,157,8.50708293914795,49.2365036010742,17.7083339691162,51.0684967041016,85,340
"species",158,158,12.7090835571289,46.7108306884766,19.9116668701172,14.4192419052124,164,194
"species",159,159,10.5682497024536,48.4670906066895,17.3023338317871,36.6564064025879,98,263
"species",160,160,12.0924167633057,50.477611541748,18.3888339996338,36.5133857727051,85,229
"species",161,161,13.1645002365112,51.5224456787109,20.2441673278809,32.683536529541,70,147
"species",162,162,9.82541656494141,46.7454032897949,17.0796661376953,22.5153846740723,130,222
"species",163,163,10.9016666412354,49.4361801147461,17.5851669311523,33.6510009765625,94,230
"species",164,164,9.97774791717529,53.0311164855957,16.6069145202637,20.5971450805664,168,171
"species",165,165,12.7607498168945,51.4940872192383,19.4235000610352,40.998966217041,74,209
"species",166,166,9.00766658782959,46.9320411682129,19.2150001525879,21.4757518768311,253,198
"species",167,167,12.5378332138062,45.6651840209961,21.3726673126221,25.8093338012695,140,239
"species",168,168,12.5042505264282,45.3990135192871,21.5191669464111,25.9359703063965,134,226
"species",169,169,10.8843336105347,52.3788909912109,17.9711666107178,43.5994491577148,77,255
"species",170,170,9.55066680908203,48.5643577575684,17.1383323669434,17.5953102111816,177,252
"species",171,171,9.92133331298828,49.8434257507324,17.8859996795654,15.9609727859497,155,194
"species",172,172,9.81410217285156,48.3924827575684,18.6738090515137,13.2973031997681,142,149
"species",173,173,10.8179168701172,48.5630989074707,17.6301670074463,33.2487297058105,102,240
"species",174,174,11.2488327026367,48.1336441040039,18.2099990844727,38.0687866210938,99,270
"species",175,175,10.690333366394,48.1763572692871,17.7283325195312,35.2531394958496,97,243
"species",176,176,10.1980838775635,47.452808380127,17.1761665344238,36.0169982910156,102,264
"species",177,177,9.68559265136719,49.930103302002,18.2514133453369,18.3958835601807,159,238
"species",178,178,10.1110172271729,49.3669319152832,18.6898307800293,14.021523475647,141,148
"species",179,179,10.2033338546753,48.7661094665527,18.8929996490479,13.99232006073,143,146
"species",180,180,11.458083152771,48.004035949707,18.9526672363281,37.3137588500977,97,241
"species",181,181,12.666166305542,52.495719909668,20.1884994506836,43.0331726074219,68,209
"species",182,182,7.71841669082642,47.6533699035645,17.2308330535889,32.5075340270996,154,363
"species",183,183,9.19250011444092,48.2469940185547,18.1445007324219,29.4106140136719,153,322
"species",184,184,8.86041641235352,47.2404365539551,19.0556678771973,16.3919372558594,203,284
"species",185,185,8.02920913696289,46.8189239501953,16.5638046264648,29.7513542175293,131,285
"species",186,186,12.6401662826538,51.4769554138184,19.3141670227051,39.5992698669434,71,192
"species",187,187,10.0815000534058,50.6099395751953,23.0074996948242,47.7108192443848,614,209
"species",188,188,12.5839996337891,51.4409523010254,19.2399997711182,14.9427404403687,171,144
"species",189,189,12.1893339157104,50.4817924499512,18.5381660461426,35.9396781921387,86,226
"species",190,190,8.73791599273682,51.1977272033691,16.7970008850098,41.1951637268066,114,346
"species",191,191,8.65943241119385,51.1826705932617,17.3553104400635,43.9625549316406,99,327
"species",192,192,9.82133293151855,51.8221473693848,17.5483322143555,43.3467826843262,92,301
"species",193,193,9.58174991607666,51.4843368530273,17.7450008392334,35.7444152832031,100,263
"species",194,194,9.32108306884766,51.2851905822754,17.5020008087158,42.7040328979492,96,309
"species",195,195,10.8990831375122,52.4448204040527,17.9829998016357,41.4775047302246,81,253
"species",196,196,11.0943336486816,50.6798820495605,17.5018329620361,29.0122966766357,94,193
"species",197,197,11.4324998855591,49.9126815795898,18.0345001220703,32.3836822509766,94,217
"species",198,198,11.9878330230713,50.3690490722656,18.5896663665771,36.553394317627,83,220
"species",199,199,12.2134170532227,45.618408203125,20.1941661834717,27.7059803009033,178,316
"species",200,200,13.2154998779297,51.4862861633301,20.4426670074463,32.0942687988281,68,141
"species",201,201,9.79166698455811,47.909366607666,22.3101749420166,28.0097961425781,340,232
"species",202,202,8.31116676330566,47.4435806274414,16.9945011138916,30.2360324859619,146,315
"species",203,203,13.5297498703003,52.60400390625,20.2849998474121,38.5076179504395,65,174
"species",204,204,13.3076667785645,53.1011009216309,19.9610004425049,37.6860733032227,70,180
"species",205,205,9.84333324432373,51.0413970947266,17.8033332824707,31.3876419067383,128,292
"species",206,206,8.3932056427002,49.5196838378906,17.468204498291,33.9123229980469,140,346
"species",207,207,12.83424949646,46.1364936828613,21.2153339385986,18.1189670562744,178,251
"species",208,208,10.8150835037231,47.357723236084,18.744499206543,36.7660713195801,92,224
"species",209,209,9.87941646575928,45.5818786621094,17.1251659393311,38.8730506896973,115,317
"species",210,210,7.81838226318359,47.2872009277344,17.5107841491699,17.8488636016846,149,211
"species",211,211,9.1877498626709,48.514892578125,18.7084999084473,15.6921138763428,227,201
"species",212,212,9.44875049591064,44.2564430236816,16.7441673278809,41.0897789001465,437,163
"species",213,213,12.9124994277954,51.0476379394531,20.1725006103516,31.2794227600098,69,136
"species",214,214,13.585916519165,47.1585845947266,22.0625,21.8286418914795,154,226
"species",215,215,11.5450000762939,44.3680114746094,20.5480003356934,20.6537017822266,183,278
"species",216,216,10.4761667251587,48.7694549560547,17.2178325653076,26.5718059539795,277,163
"species",217,217,10.0190000534058,41.5346984863281,16.0561676025391,27.2046375274658,234,416
"species",218,218,10.5837497711182,48.7415962219238,22.30299949646,27.0631847381592,270,179
"species",219,219,11.0367498397827,51.8717422485352,18.3468341827393,42.9609031677246,80,262
"species",220,220,7.8441915512085,46.8903732299805,17.5143947601318,27.1666946411133,158,306
"species",221,221,8.16100025177002,47.7279357910156,17.2630004882812,31.1774806976318,148,335
"species",222,222,7.40133333206177,45.6477928161621,16.6165008544922,31.297966003418,164,368
"species",223,223,8.58798980712891,45.6130065917969,22.4497547149658,28.3895969390869,362,255
"species",224,224,8.57857131958008,47.0426979064941,18.8023815155029,15.9370174407959,123,174
"species",225,225,9.56125068664551,44.562126159668,18.0260009765625,33.1808662414551,404,206
"species",226,226,10.4396667480469,49.5804862976074,18.1708335876465,14.7600336074829,149,152
"species",227,227,7.19316673278809,44.8899574279785,16.416166305542,30.9978847503662,173,383
"species",228,228,8.36191654205322,46.9612312316895,17.2940006256104,29.8097267150879,141,298
"species",229,229,8.29682159423828,47.7592849731445,17.8329906463623,20.6089534759521,134,213
"species",230,230,13.2027502059937,47.948974609375,19.9613342285156,12.7865600585938,166,175
"species",231,231,9.73824977874756,49.9858856201172,21.2000007629395,23.614221572876,322,257
"species",232,232,12.5060834884644,49.4292068481445,19.6060009002686,36.4797668457031,90,216
"species",233,233,6.71925020217896,45.1957321166992,16.6673336029053,33.3936080932617,174,420
"species",234,234,9.47591686248779,48.6493339538574,17.7514991760254,28.7187595367432,129,262
"species",235,235,12.0428333282471,48.4679565429688,19.1823329925537,16.1283054351807,204,156
"species",236,236,12.2878332138062,48.5838737487793,18.6431674957275,16.3248100280762,185,151
"species",237,237,11.8992500305176,47.8997268676758,18.806999206543,13.5908393859863,192,157
"species",238,238,12.113166809082,48.1694297790527,19.1316661834717,13.8640594482422,190,150
"species",239,239,10.0437498092651,47.461254119873,17.5009994506836,17.3634338378906,156,178
"species",240,240,8.29349994659424,46.8479919433594,17.2639999389648,26.9936351776123,139,265
"species",241,241,8.81541633605957,49.6195907592773,17.5100002288818,32.4057655334473,142,338
"species",242,242,9.78750038146973,45.5996055603027,16.6728324890137,38.5692710876465,121,334
"species",243,243,8.78874969482422,49.2863960266113,17.521167755127,32.0834808349609,145,341
"species",244,244,7.93766689300537,47.8489723205566,17.2983341217041,32.6478042602539,159,377
"species",245,245,8.1785717010498,48.4641418457031,17.3651351928711,33.3591232299805,152,368
"species",246,246,9.79549980163574,50.3210716247559,17.9104995727539,48.6135368347168,83,316
"species",247,247,9.25850009918213,45.8114776611328,17.3525009155273,20.3032379150391,225,343
"species",248,248,9.90066623687744,48.3643531799316,23.7066669464111,42.8527908325195,408,162
"species",249,249,12.4001665115356,46.0561828613281,22.3801670074463,27.1424312591553,227,137
"species",250,250,11.2620830535889,47.1374664306641,18.345832824707,16.9090232849121,178,153
"species",251,251,11.0266666412354,46.8581771850586,18.6560001373291,16.7106628417969,177,155
"species",252,252,11.0249996185303,43.4448509216309,19.8448333740234,19.7147769927979,185,283
"species",253,253,9.43256759643555,51.1075134277344,23.7160911560059,40.9488906860352,573,261
"species",254,254,10.6899995803833,51.1385345458984,22.9740009307861,48.9273529052734,529,176
"species",255,255,9.88158321380615,47.6588363647461,22.2905006408691,30.2606544494629,297,173
"species",256,256,8.87358283996582,47.373779296875,22.279333114624,25.3380603790283,314,267
"species",257,257,9.44941711425781,49.2824478149414,20.6866664886475,23.2417984008789,295,237
"species",258,258,10.6997499465942,50.9536170959473,18.529167175293,15.8193988800049,144,179
"species",259,259,8.47854614257812,46.4794616699219,19.9739360809326,25.6377220153809,383,299
"species",260,260,9.27508354187012,47.2495346069336,20.5653343200684,25.5041732788086,328,234
"species",261,261,9.511549949646,49.6982612609863,18.2309951782227,17.7148017883301,153,224
"species",262,262,14.189416885376,48.7558555603027,23.9636669158936,12.2398805618286,71,87
"species",263,263,8.83166694641113,47.4846305847168,19.8286666870117,21.9504833221436,295,247
"species",264,264,11.0405836105347,47.2911148071289,19.234167098999,16.7433471679688,207,166
"species",265,265,10.4241666793823,46.6343078613281,18.4659996032715,17.3522033691406,227,187
"species",266,266,13.2348337173462,52.3695526123047,19.9616661071777,36.8355598449707,73,182
"species",267,267,12.7579164505005,47.6468353271484,19.0655002593994,12.824670791626,179,169
"species",268,268,7.59571409225464,44.4416618347168,21.2557144165039,27.5334625244141,383,271
"species",269,269,7.68901538848877,44.8042221069336,21.6526508331299,25.9973773956299,372,290
"species",270,270,10.8385829925537,48.2830696105957,17.5230007171631,30.4375438690186,109,231
"species",271,271,9.96116638183594,47.1177635192871,16.6429996490479,33.3200225830078,118,280
"species",272,272,10.9222497940063,48.1220016479492,17.4731674194336,15.2125177383423,217,184
"species",273,273,11.8004999160767,48.5437507629395,19.6406669616699,34.587345123291,88,200
"species",274,274,10.7441663742065,46.8665924072266,18.7433338165283,17.3142776489258,229,170
"species",275,275,11.6148338317871,50.7952156066895,17.7350006103516,27.0326614379883,102,199
"species",276,276,10.7134160995483,50.0650367736816,18.8843326568604,20.4772071838379,199,170
"species",277,277,9.34766674041748,46.8484268188477,17.9191665649414,13.7588481903076,218,213
"species",278,278,7.72224998474121,45.8674850463867,17.8700008392334,12.5140314102173,240,240
"species",279,279,13.4700002670288,52.7263488769531,20.2133331298828,39.133472442627,65,178
"species",280,280,13.1421670913696,52.986198425293,19.8681659698486,38.7069320678711,68,182
"species",281,281,8.48708343505859,47.0511322021484,20.4181671142578,22.806209564209,296,247
"species",282,282,9.18916702270508,46.6478843688965,20.158166885376,22.6357479095459,351,300
"species",283,283,11.2939167022705,43.9042015075684,21.0898342132568,16.583963394165,187,205
"species",284,284,13.0699996948242,53.1279220581055,20.2929992675781,43.3294486999512,65,203
"species",285,285,8.9868335723877,46.4004211425781,19.325834274292,26.7789173126221,305,181
"species",286,286,10.3734169006348,49.4113388061523,17.30299949646,26.1999454498291,276,163
"species",287,287,11.8945837020874,47.4852638244629,18.9561672210693,12.1742696762085,189,155
"species",288,288,13.4570837020874,47.0297164916992,23.3976669311523,24.9345092773438,214,135
"species",289,289,13.2326669692993,46.6694869995117,23.4535007476807,24.1155815124512,212,135
"species",290,290,11.9920835494995,45.5159339904785,22.2438335418701,27.1506156921387,227,133
"species",291,291,11.8369169235229,45.5528831481934,22.4403324127197,27.7815780639648,222,126
"species",292,292,12.4060831069946,45.6861839294434,22.4549999237061,22.7514305114746,222,149
"species",293,293,12.377833366394,46.5122261047363,23.1103324890137,29.4230861663818,256,156
"species",294,294,11.1459999084473,49.5223693847656,17.7981662750244,28.540491104126,98,196
"species",295,295,10.5450000762939,48.7111968994141,17.2971668243408,35.7819442749023,97,254
"species",296,296,10.4205837249756,49.9285278320312,17.8706665039062,15.1408109664917,153,174
"species",297,297,9.53483390808105,48.8439826965332,17.8776664733887,19.5001754760742,253,190
"species",298,298,10.5351667404175,48.3663864135742,18.9006671905518,18.6998062133789,125,126
"species",299,299,8.92591667175293,46.5643310546875,19.1681671142578,22.9134654998779,245,186
"species",300,300,10.335000038147,49.5469589233398,16.7196674346924,25.4519958496094,270,163
"species",301,301,10.2198333740234,48.2158584594727,16.8589992523193,21.5022220611572,241,166
"species",302,302,11.1893339157104,45.953971862793,17.3838329315186,15.7165479660034,186,168
"species",303,303,10.6623334884644,51.7890701293945,17.9291667938232,40.6450958251953,83,251
"species",304,304,8.55591678619385,50.6987228393555,17.2656669616699,42.849308013916,101,323
"species",305,305,10.8704166412354,51.1958618164062,18.0971660614014,40.9317245483398,84,254
"species",306,306,10.7261667251587,51.839771270752,18.8706665039062,22.4900913238525,253,164
"species",307,307,9.85341644287109,50.5277519226074,18.4228324890137,20.0060501098633,248,181
"species",308,308,10.5238332748413,46.5738754272461,20.1083335876465,53.4334297180176,73,306
"species",309,309,10.7375831604004,47.9249420166016,17.7828330993652,16.1315994262695,223,191
"species",310,310,13.5032501220703,52.1320762634277,20.3358345031738,34.4826889038086,69,156
"species",311,311,13.1560831069946,46.0534324645996,23.7224998474121,20.8965892791748,199,134
"species",312,312,13.09375,46.2676696777344,23.3554992675781,23.0375804901123,208,136
"species",313,313,12.5344161987305,45.3537521362305,23.1446666717529,21.7197399139404,202,136
"species",314,314,13.9790000915527,47.7033882141113,23.6881675720215,26.3985157012939,217,131
"species",315,315,12.4162502288818,45.1729965209961,23.2426662445068,20.6766147613525,199,137
"species",316,316,12.5501661300659,45.6635360717773,22.9580001831055,23.6441059112549,211,136
"species",317,317,10.0863332748413,49.576473236084,18.9646663665771,29.8606376647949,329,179
"species",318,318,13.8804998397827,47.7978668212891,24.4861660003662,37.9799652099609,245,127
"species",319,319,9.81949996948242,47.0665740966797,17.4213333129883,25.3451442718506,253,173
"species",320,320,9.11374950408936,47.5739898681641,19.1163330078125,28.6866664886475,317,179
"species",321,321,5.62073612213135,40.9092178344727,16.8441848754883,30.6980571746826,177,370
"species",322,322,5.78503084182739,41.0825424194336,16.5574073791504,33.0569381713867,182,406
"species",323,323,6.48141670227051,43.2411499023438,16.416166305542,28.7187347412109,188,380
"species",324,324,12.0578336715698,48.6379470825195,18.3501663208008,16.3012619018555,192,160
"species",325,325,11.7931671142578,45.2174644470215,19.0576667785645,27.6827602386475,203,360
"species",326,326,9.76183319091797,48.4578475952148,18.5013332366943,25.3248825073242,160,299
"species",327,327,13.1764163970947,51.4121398925781,20.1221656799316,33.7933769226074,70,153
"species",328,328,10.7956666946411,52.0850410461426,18.3564987182617,48.4093475341797,72,282
"species",329,329,11.4046669006348,47.4048843383789,18.7338333129883,16.1951732635498,209,151
"species",330,330,10.9664993286133,49.8115005493164,23.6070003509521,49.6554565429688,455,128
"species",331,331,11.7018327713013,49.7759704589844,18.6123332977295,37.6158752441406,88,227
"species",332,332,9.03425025939941,45.8754386901855,18.1696662902832,21.149845123291,275,184
"species",333,333,10.4166669845581,41.7551879882812,21.8985004425049,15.8535623550415,183,176
"species",334,334,12.2515830993652,46.3934516906738,19.7000007629395,24.0224456787109,196,307
"species",335,335,13.0149164199829,45.9128532409668,23.158166885376,15.9368553161621,136,145
"species",336,336,11.8226661682129,43.7827911376953,22.8471660614014,15.9142732620239,140,152
"species",337,337,11.2143335342407,43.3052711486816,21.9763336181641,16.5616893768311,168,179
"species",338,338,12.5031671524048,51.3645820617676,19.6083335876465,13.5846071243286,170,157
"species",339,339,13.1686668395996,45.6611213684082,23.2383327484131,16.2254524230957,125,142
"species",340,340,10.6877498626709,46.6591720581055,18.4591674804688,16.3029327392578,182,165
"species",341,341,7.30579090118408,43.9703826904297,18.0867233276367,21.0805988311768,136,230
"species",342,342,10.5356664657593,49.4818077087402,18.9134998321533,30.6050834655762,253,157
"species",343,343,10.6664171218872,47.8572196960449,17.5844993591309,22.3020477294922,235,166
"species",344,344,11.9187498092651,45.5453033447266,18.2203330993652,26.5218944549561,214,350
"species",345,345,9.46766662597656,45.4935684204102,16.1876678466797,35.9579620361328,126,324
"species",346,346,8.3343334197998,46.816837310791,21.4638328552246,45.327465057373,665,264
"species",347,347,9.36075019836426,48.8123817443848,22.5098342895508,45.6471061706543,618,249
"species",348,348,9.12758350372314,44.126579284668,15.7709999084473,28.0974464416504,175,352
"species",349,349,9.77783393859863,49.9633827209473,19.1870002746582,25.7857990264893,307,175
"species",350,350,9.9665002822876,47.7505760192871,18.816333770752,21.1229209899902,163,262
"species",351,351,14.3160839080811,50.6172714233398,23.0636672973633,30.65159034729,257,149
"species",352,352,10.8253335952759,50.0523986816406,20.4780006408691,47.0094184875488,507,171
"species",353,353,8.84291648864746,45.9300689697266,20.8125,47.8708877563477,660,238
"species",354,354,9.31133365631104,46.5962753295898,20.4403343200684,45.7181854248047,439,135
"species",355,355,13.9604997634888,48.4689102172852,23.4323329925537,34.7868804931641,256,144
"species",356,356,13.7251663208008,48.1720008850098,23.8251667022705,36.8420143127441,256,134
"species",357,357,10.2024993896484,49.7537307739258,17.3968334197998,23.6308784484863,260,166
"species",358,358,8.13394737243652,44.6532783508301,18.45947265625,20.6920871734619,145,238
"species",359,359,12.6200838088989,52.8147430419922,19.7719993591309,43.0152320861816,72,222
"species",360,360,11.3404998779297,48.7155799865723,22.1256675720215,31.0959300994873,283,133
"species",361,361,10.1438331604004,49.9647026062012,18.0233325958252,22.1052589416504,255,173
"species",362,362,9.68341636657715,47.767448425293,17.5335006713867,14.1833915710449,214,221
"species",363,363,8.67074966430664,46.4595718383789,18.0313339233398,12.2016134262085,218,248
"species",364,364,8.73025035858154,46.5389938354492,18.5496673583984,11.9199285507202,211,256
"species",365,365,9.63158321380615,46.8849906921387,17.24049949646,14.8870134353638,221,200
"species",366,366,13.9617500305176,48.8976631164551,23.0636672973633,33.0770454406738,270,158
"species",367,367,10.3109169006348,51.4131965637207,18.0071678161621,45.5956115722656,83,291
"species",368,368,13.029333114624,45.9507446289062,22.0935001373291,16.0390205383301,145,175
"species",369,369,8.26991653442383,45.3121299743652,18.8213329315186,11.7140893936157,211,253
"species",370,370,10.1921663284302,49.5848579406738,18.4813327789307,14.6301774978638,189,186
"species",371,371,10.5441665649414,49.491512298584,18.4928321838379,15.4856290817261,196,195
"species",372,372,10.3944997787476,49.1140594482422,18.3506660461426,15.1371335983276,208,215
"species",373,373,14.0889167785645,48.5055313110352,23.7058334350586,35.9169692993164,253,137
"species",374,374,13.8125829696655,48.1761474609375,23.7593326568604,36.6351203918457,255,135
"species",375,375,14.0613327026367,48.6029968261719,23.7280006408691,33.4173202514648,242,138
"species",376,376,13.3481664657593,47.2836227416992,24.0166664123535,37.8186225891113,252,130
"species",377,377,13.9551668167114,48.189395904541,24.3223342895508,35.1570930480957,236,131
"species",378,378,14.1062507629395,48.3272819519043,23.8523330688477,35.1738052368164,248,138
"species",379,379,13.887583732605,48.5970649719238,23.1458339691162,33.9769401550293,264,150
"species",380,380,14.1511669158936,48.5243873596191,23.6940002441406,33.9502906799316,248,142
"species",381,381,11.9554166793823,52.4613494873047,19.1576671600342,45.5360450744629,69,246
"species",382,382,9.94146823883057,50.0259590148926,18.4634914398193,16.2027969360352,142,178
"species",383,383,9.38650035858154,48.9262466430664,18.736665725708,16.0566844940186,221,303
"species",384,384,10.8598337173462,51.6053657531738,19.5696678161621,51.4115943908691,63,251
"species",385,385,8.85833358764648,47.4926719665527,18.9696674346924,17.2049293518066,208,294
"species",386,386,7.50474977493286,44.636589050293,18.7395000457764,11.2251920700073,220,256
"species",387,387,9.80025005340576,47.3304824829102,17.4150009155273,15.7539510726929,191,221
"species",388,388,9.48688220977783,49.1784248352051,18.42746925354,16.849437713623,143,178
"species",389,389,7.61777782440186,47.1883850097656,17.1725921630859,23.0488185882568,132,225
"species",390,390,9.14833354949951,48.0378761291504,18.392333984375,26.827184677124,154,300
"species",391,391,10.1715002059937,47.1317329406738,20.7756671905518,45.7598266601562,400,126
"species",392,392,7.7947154045105,49.2651977539062,17.2628040313721,41.9874496459961,105,322
"species",393,393,6.54758358001709,42.6914215087891,15.7694997787476,30.7836456298828,197,436
"species",394,394,9.06400012969971,47.0197639465332,18.4710006713867,12.4536142349243,214,249
"species",395,395,9.21991634368896,42.9232635498047,17.5564994812012,25.630241394043,183,358
"species",396,396,8.92691707611084,42.8437156677246,17.179500579834,23.0631580352783,198,361
"species",397,397,13.1939163208008,52.1725540161133,19.9631671905518,37.4226684570312,76,194
"species",398,398,13.1080837249756,50.9229736328125,20.4554996490479,30.3032703399658,69,132
"species",399,399,12.9145002365112,51.8092842102051,19.6521663665771,34.2478408813477,70,155
"species",400,400,13.149582862854,52.5080184936523,19.867000579834,37.4703712463379,74,189
"species",401,401,9.61028671264648,49.9033126831055,18.880729675293,16.3743839263916,201,274
"species",402,402,10.3250827789307,49.7115211486816,18.4936676025391,26.2698707580566,267,156
"species",403,403,10.9026660919189,49.6546287536621,16.9108333587646,25.5137405395508,270,165
"species",404,404,9.92933368682861,47.0562210083008,15.9213333129883,23.8632335662842,294,194
"species",405,405,10.3059997558594,49.2426795959473,17.6341667175293,27.7856330871582,286,163
"species",406,406,10.4884166717529,49.478328704834,18.3748340606689,29.0480346679688,287,159
"species",407,407,10.5950002670288,49.2401351928711,17.7690010070801,28.0404224395752,269,152
"species",408,408,12.639666557312,52.9299278259277,21.0418338775635,40.641788482666,61,175
"species",409,409,10.4671669006348,51.1341819763184,19.033166885376,52.5169334411621,67,282
"species",410,410,10.6352500915527,51.2171936035156,19.3236656188965,52.1360473632812,67,276
"species",411,411,11.3291673660278,51.5571441650391,20.1326675415039,48.7424697875977,61,225
"species",412,412,12.4126663208008,52.779426574707,20.0966663360596,44.6774711608887,66,214
"species",413,413,9.31575012207031,46.7071914672852,18.0949993133545,25.3932666778564,292,177
"species",414,414,10.5261669158936,47.7420463562012,17.9395008087158,24.9553890228271,238,161
"species",415,415,9.80216693878174,47.6434669494629,17.6078338623047,27.1997661590576,293,171
"species",416,416,9.93316650390625,51.6867866516113,15.6909999847412,15.5132465362549,170,180
"species",417,417,10.3284168243408,45.9530906677246,16.7308330535889,24.0809535980225,157,281
"species",418,418,13.1588335037231,45.5133934020996,23.5325012207031,15.3012790679932,123,133
"species",419,419,9.41816711425781,49.4599647521973,18.7929992675781,17.4274349212646,231,187
"species",420,420,10.4039993286133,51.3194885253906,18.1296672821045,45.8546981811523,74,262
"species",421,421,8.12216663360596,48.1199531555176,13.9303331375122,24.9390335083008,206,380
"species",422,422,10.3936672210693,51.2533493041992,18.2294998168945,46.1660194396973,75,269
"species",423,423,12.9759168624878,51.2092704772949,19.9806671142578,35.970531463623,68,165
"species",424,424,11.5303335189819,52.2230758666992,19.916332244873,48.5483856201172,63,229
"species",425,425,12.0640001296997,51.9038009643555,20.5503330230713,44.4941558837891,61,197
"species",426,426,11.4361667633057,52.0843772888184,19.5903339385986,48.5289306640625,65,240
"species",427,427,12.4264163970947,53.2226142883301,20.1591663360596,46.199592590332,65,221
"species",428,428,10.2377500534058,46.8997650146484,19.19700050354,46.334903717041,465,150
"species",429,429,10.7705001831055,47.3262138366699,20.4436664581299,46.3953628540039,393,121
"species",430,430,10.9785003662109,47.7845458984375,20.5841674804688,46.8269958496094,424,130
"species",431,431,11.1181669235229,48.3104476928711,21.2398338317871,47.6436500549316,413,123
"species",432,432,10.6392498016357,47.3465766906738,20.6916656494141,46.8487205505371,403,123
"species",433,433,11.119083404541,48.0368232727051,20.166166305542,45.176342010498,402,129
"species",434,434,10.7395830154419,47.2526550292969,20.3269996643066,45.718505859375,393,124
"species",435,435,12.1676664352417,51.6717643737793,18.9274997711182,16.7957820892334,152,127
"species",436,436,8.78691673278809,46.8186111450195,18.5793323516846,11.6952657699585,215,238
"species",437,437,10.9405002593994,46.2717819213867,16.6366672515869,14.8404092788696,176,190
"species",438,438,7.30833339691162,44.7814559936523,18.4363327026367,11.5766649246216,230,244
"species",439,439,7.36163187026978,45.5946235656738,18.6128463745117,12.648419380188,222,226
"species",440,440,10.9739999771118,51.2492408752441,18.6096668243408,47.8740653991699,75,286
"species",441,441,9.85150051116943,49.3043365478516,18.4738330841064,27.1246013641357,152,301
"species",442,442,6.31624269485474,45.5071868896484,16.7887001037598,30.4685955047607,158,346
"species",443,443,8.89083290100098,48.4672546386719,17.3856658935547,30.4297695159912,147,326
"species",444,444,8.26824951171875,47.6831016540527,17.3570003509521,31.329008102417,155,352
"species",445,445,8.79183387756348,42.5919647216797,17.4148330688477,21.3280544281006,210,358
"species",446,446,10.8026666641235,51.4192352294922,19.3996658325195,51.7613372802734,65,264
"species",447,447,7.82124996185303,45.1078491210938,18.6648330688477,11.2695865631104,224,252
"species",448,448,7.29437971115112,44.4905471801758,18.9162788391113,12.1164512634277,210,256
"species",449,449,8.58924961090088,48.6808586120605,16.5396671295166,23.4609088897705,154,272
"species",450,450,12.6607503890991,53.1406097412109,20.5166664123535,44.9201316833496,63,207
"species",451,451,11.2119998931885,51.6301345825195,19.4228324890137,49.3335571289062,66,251
"species",452,452,10.388916015625,51.0587120056152,19.3640003204346,52.7995491027832,64,270
"species",453,453,10.5527496337891,50.5889434814453,18.6998291015625,14.6532802581787,142,146
"species",454,454,9.81175231933594,49.7799339294434,18.2995719909668,18.901195526123,164,249
"species",455,455,9.87586212158203,47.4224548339844,18.9542140960693,20.1108703613281,155,244
"species",456,456,9.48524951934814,47.1551055908203,18.4405002593994,22.4932193756104,170,291
"species",457,457,9.17800045013428,46.60302734375,18.2448329925537,23.8793621063232,176,316
"species",458,458,11.7769165039062,46.6837768554688,20.7399997711182,22.0497283935547,112,171
"species",459,459,8.14066696166992,47.6843185424805,17.4375,19.8121147155762,148,229
"species",460,460,9.0481128692627,52.3126411437988,16.1512584686279,18.6196136474609,169,181
"species",461,461,8.09291648864746,47.55224609375,16.6933326721191,31.4907836914062,132,289
"species",462,462,8.68466663360596,48.9221878051758,15.6591663360596,29.0820503234863,166,349
"species",463,463,13.2860832214355,46.4857177734375,23.658332824707,16.3375129699707,185,140
"species",464,464,9.54558372497559,51.8330993652344,17.5953330993652,38.6882514953613,109,308
"species",465,465,8.78550052642822,51.0725517272949,17.265832901001,42.0705184936523,101,316
"species",466,466,11.0991668701172,51.9502296447754,18.425666809082,43.7980422973633,78,262
"species",467,467,10.7409172058105,51.8358993530273,18.121166229248,43.2032356262207,78,257
"species",468,468,10.3463335037231,51.3083724975586,18.0726661682129,46.4701652526855,83,298
"species",469,469,10.6253337860107,51.5642700195312,18.1663341522217,41.3488426208496,83,259
"species",470,470,11.2530832290649,46.9484901428223,16.6066665649414,19.3834629058838,182,151
"species",471,471,10.1289167404175,48.1664199829102,18.244499206543,14.9980821609497,200,200
"species",472,472,6.90560913085938,43.3790397644043,18.9339733123779,11.5828514099121,220,243
"species",473,473,12.6341667175293,46.1286163330078,21.046501159668,25.4986095428467,164,276
"species",474,474,9.7906665802002,46.1127853393555,16.6588325500488,15.2997274398804,209,257
"species",475,475,10.6912498474121,47.539909362793,17.5685005187988,15.0931148529053,166,197
"species",476,476,10.767749786377,48.7979278564453,17.7836666107178,14.7564725875854,170,171
"species",477,477,10.4701662063599,45.9802665710449,16.6891670227051,17.2026519775391,172,243
"species",478,478,10.2065000534058,48.4041557312012,18.1241664886475,16.00710105896,191,186
"species",479,479,10.4342498779297,49.4092712402344,18.5421676635742,15.2816829681396,193,192
"species",480,480,10.4724159240723,47.7930679321289,18.1648330688477,18.4911708831787,147,156
"species",481,481,9.81966686248779,45.1292190551758,18.6593322753906,17.2111949920654,171,252
"species",482,482,9.10999965667725,48.0054817199707,18.2903327941895,15.5679531097412,248,335
"species",483,483,8.54724979400635,46.324047088623,18.8050003051758,13.9460401535034,205,275
"species",484,484,7.97800016403198,45.0022583007812,18.7789993286133,12.3528327941895,208,263
"species",485,485,7.65191650390625,44.3178329467773,18.6711654663086,12.232325553894,212,264
"species",486,486,9.14633369445801,46.4587478637695,17.1669998168945,13.1256551742554,217,215
"species",487,487,10.6766662597656,44.9600639343262,16.7275009155273,18.1746978759766,170,255
"species",488,488,9.23533344268799,45.8716239929199,17.0301666259766,20.543701171875,237,361
"species",489,489,11.5439167022705,47.353832244873,20.6771659851074,37.1977272033691,301,127
"species",490,490,10.1675004959106,49.5226745605469,18.4776668548584,24.5025196075439,163,296
"species",491,491,12.5185832977295,47.3578834533691,19.6971664428711,30.511137008667,190,358
"species",492,492,9.15641689300537,48.2297439575195,18.8606662750244,16.8306293487549,215,299
"species",493,493,7.27589321136475,44.053409576416,19.0556545257568,11.3453750610352,214,249
"species",494,494,10.1603336334229,51.5517425537109,17.8341674804688,42.4523468017578,91,293
"species",495,495,8.54358291625977,46.4476623535156,18.0493335723877,11.949089050293,220,246
"species",496,496,10.1347217559814,48.938793182373,18.7993583679199,13.2966051101685,140,148
"species",497,497,13.4265003204346,51.8137626647949,20.2334995269775,33.025447845459,71,149
"species",498,498,10.7714166641235,46.9567832946777,17.7045001983643,26.1969032287598,114,210
"species",499,499,9.77766704559326,46.7450714111328,17.2046661376953,15.2759399414062,203,231
"species",500,500,13.3733329772949,51.5151519775391,20.3226661682129,32.4488563537598,69,141
"species",501,501,8.33421039581299,47.6957855224609,17.8820171356201,19.3313503265381,152,237
"species",502,502,10.7281665802002,50.7026176452637,18.5991668701172,15.3241539001465,146,149
"species",503,503,11.9318332672119,50.8213386535645,18.7080001831055,16.5523643493652,163,140
"species",504,504,10.7095003128052,49.5122528076172,18.0688323974609,18.8083572387695,155,229
"species",505,505,6.7042350769043,42.0825614929199,23.5972671508789,35.8830070495605,489,288
"species",506,506,9.7276668548584,45.1316070556641,17.8724994659424,33.7540664672852,425,209
"species",507,507,8.60391616821289,50.3860206604004,17.4798336029053,45.9214248657227,91,317
"species",508,508,9.13099956512451,46.1115036010742,20.2681674957275,49.4364395141602,546,166
"species",509,509,9.12766647338867,44.395263671875,18.8091659545898,42.4998664855957,422,143
"species",510,510,12.706916809082,46.6206207275391,21.7251663208008,26.2666683197021,264,177
"species",511,511,7.60258293151855,45.0657005310059,24.712833404541,39.739200592041,505,241
"species",512,512,8.12628173828125,48.2980651855469,17.4974365234375,17.1251792907715,152,209
"species",513,513,9.16191673278809,49.2947196960449,17.4051666259766,29.9374561309814,135,298
"species",514,514,9.57250022888184,46.6132621765137,17.2746658325195,16.1031093597412,207,249
"species",515,515,11.2631664276123,43.2400436401367,22.3133335113525,15.5829658508301,165,173
"species",516,516,10.2722501754761,46.4618492126465,16.8990001678467,14.3988227844238,166,196
"species",517,517,10.9042501449585,46.1672782897949,16.8658332824707,18.963529586792,165,248
"species",518,518,10.7897500991821,50.610954284668,18.6453323364258,14.9270687103271,147,146
"species",519,519,9.0622501373291,46.2572135925293,18.7651672363281,13.2485952377319,141,146
"species",520,520,10.0055837631226,47.4400634765625,17.9874992370605,15.7047863006592,194,186
"species",521,521,9.78693199157715,47.9591293334961,19.0185604095459,13.1374359130859,150,162
"species",522,522,13.2473335266113,52.3051795959473,19.894832611084,37.8438606262207,78,201
"species",523,523,11.7768335342407,45.8313865661621,17.5708332061768,14.5367803573608,209,262
"species",524,524,13.4863328933716,49.3065719604492,22.6478328704834,29.1054801940918,250,135
"species",525,525,12.2066669464111,48.8442497253418,18.5968341827393,17.954122543335,187,151
"species",526,526,12.5460834503174,49.6186828613281,17.9290008544922,16.5788230895996,217,187
"species",527,527,12.4713335037231,49.7044105529785,17.7980003356934,16.6461582183838,214,170
"species",528,528,11.2332496643066,48.2569389343262,17.3104991912842,16.8243465423584,226,177
"species",529,529,12.0375833511353,48.6406326293945,18.8176670074463,17.255786895752,191,159
"species",530,530,10.6054992675781,50.1370964050293,20.5446662902832,44.4241905212402,553,226
"species",531,531,8.86874961853027,46.1001663208008,19.0861663818359,20.6088485717773,256,212
"species",532,532,11.2628335952759,50.6467895507812,23.7843322753906,45.4841041564941,413,130
"species",533,533,11.4076671600342,45.2936820983887,15.6921663284302,12.2207832336426,203,217
"species",534,534,12.1452503204346,53.0452880859375,19.4378337860107,46.7451477050781,70,244
"species",535,535,12.9320001602173,46.8720550537109,22.6053333282471,26.8110637664795,247,163
"species",536,536,9.94378566741943,49.9135055541992,19.2285308837891,15.1735572814941,188,241
"species",537,537,9.11674976348877,47.6518402099609,19.8110008239746,28.4058799743652,330,186
"species",538,538,10.3768339157104,47.4803619384766,17.2476673126221,24.5477504730225,246,169
"species",539,539,9.49149990081787,49.8319931030273,17.0828342437744,23.932638168335,123,228
"species",540,540,8.01758289337158,50.0473365783691,15.8403339385986,36.0048294067383,180,472
"species",541,541,11.5962495803833,45.289005279541,19.7569999694824,24.69580078125,286,196
"species",542,542,12.7571668624878,45.8363265991211,22.1525001525879,23.1512126922607,124,192
"species",543,543,9.72716617584229,47.3203277587891,23.029167175293,43.2691192626953,428,157
"species",544,544,11.4252500534058,44.8347930908203,19.3278331756592,16.8876571655273,211,227
"species",545,545,13.4872493743896,53.4508361816406,20.9371662139893,39.4939651489258,62,169
"species",546,546,13.4880838394165,49.6579170227051,17.3565006256104,23.3467426300049,169,119
"species",547,547,11.1682500839233,51.5544929504395,19.8010005950928,50.7054138183594,65,254
"species",548,548,12.9262495040894,52.7494430541992,20.7509994506836,40.8782501220703,61,176
"species",549,549,13.3140830993652,52.5936546325684,20.3248329162598,40.0541725158691,66,184
"species",550,550,11.9638328552246,48.3270072937012,19.0368328094482,15.1336898803711,197,158
"species",551,551,10.0554161071777,52.8648147583008,16.6884994506836,15.8795366287231,185,231
"species",552,552,9.70975017547607,48.9156150817871,18.5203342437744,18.049955368042,235,191
"species",553,553,10.1729164123535,51.2179832458496,18.2469997406006,46.3805923461914,84,301
"species",554,554,14.2196664810181,48.704158782959,21.6924991607666,23.1062049865723,174,263
"species",555,555,10.1160831451416,48.8487281799316,16.8826675415039,23.4970951080322,262,168
"species",556,556,9.56791687011719,47.1720962524414,17.0938339233398,17.1491222381592,230,189
"species",557,557,10.0209999084473,48.6361885070801,17.6886672973633,20.2235946655273,236,175
"species",558,558,10.2139167785645,46.9303283691406,16.9284992218018,16.3803863525391,194,175
"species",559,559,9.2319164276123,50.0999412536621,17.7084999084473,31.66575050354,133,310
"species",560,560,9.52750015258789,48.4145545959473,19.8143329620361,28.6323909759521,327,183
"species",561,561,8.7321662902832,48.4958724975586,17.8401660919189,21.3573703765869,133,215
"species",562,562,8.80714321136475,49.0397720336914,17.2117347717285,17.727819442749,149,219
"species",563,563,8.72389507293701,48.5155906677246,16.8340129852295,31.0462017059326,134,289
"species",564,564,9.44600009918213,51.7333908081055,15.9580001831055,16.3849296569824,195,269
"species",565,565,7.0220513343811,45.6114044189453,16.9882049560547,23.8857612609863,131,228
"species",566,566,9.37216663360596,52.2446441650391,15.6166667938232,17.2000160217285,170,187
"species",567,567,9.57908153533936,50.0239791870117,17.0841827392578,26.530345916748,127,254
