"species","x","y","bio1","bio12","bio16","bio17","bio5","bio6","bio7","bio8","biome"
"species",1,1,263,1639,724,62,338,191,147,261,"1"
"species",2,2,253,3624,1547,373,329,150,179,271,"1"
"species",3,3,243,1693,775,186,318,150,168,264,"1"
"species",4,4,275,2259,956,208,335,231,104,270,"1"
"species",5,5,274,2233,877,230,329,227,102,269,"1"
"species",6,6,266,2592,872,498,320,214,105,262,"1"
"species",7,7,266,2608,957,306,322,219,103,262,"1"
"species",8,8,239,1194,540,130,313,165,148,252,"1"
"species",9,9,251,1617,808,97,312,194,118,246,"1"
"species",10,10,271,2599,1250,136,325,224,101,267,"1"
"species",11,11,269,2211,981,196,333,219,114,263,"1"
"species",12,12,270,2274,1008,191,331,221,110,266,"1"
"species",13,13,254,2084,1011,137,317,197,119,251,"1"
"species",14,14,263,1842,818,176,326,204,121,257,"1"
"species",15,15,260,1945,880,143,324,204,120,256,"1"
"species",16,16,263,1878,893,122,324,212,112,259,"1"
"species",17,17,260,1882,845,170,324,203,121,255,"1"
"species",18,18,270,2479,1277,154,331,214,117,267,"1"
"species",19,19,270,2487,1221,182,329,216,113,268,"1"
"species",20,20,270,2413,1286,140,330,214,116,268,"1"
"species",21,21,181,1372,650,114,259,86,172,206,"1"
"species",22,22,258,2677,879,419,313,200,113,259,"1"
"species",23,23,216,2835,985,267,277,160,117,212,"1"
"species",24,24,261,2192,739,222,306,220,87,260,"1"
"species",25,25,232,3921,1364,365,290,171,119,229,"1"
"species",26,26,268,1369,531,88,337,199,137,265,"13"
"species",27,27,244,1526,631,75,313,174,139,240,"2"
"species",28,28,254,1499,606,90,325,185,140,251,"13"
"species",29,29,264,7682,2426,1496,312,218,94,263,"1"
"species",30,30,251,3719,1469,170,305,204,100,246,"1"
"species",31,31,263,7091,2065,1372,316,213,104,262,"1"
"species",32,32,260,2706,964,170,316,213,103,258,"1"
"species",33,33,242,2233,793,176,290,198,93,242,"1"
"species",34,34,272,1656,680,94,335,216,118,270,"1"
"species",35,35,278,1556,690,52,347,213,134,274,"1"
"species",36,36,250,2651,926,213,308,197,110,247,"1"
"species",37,37,272,2955,1271,247,343,218,124,263,"1"
"species",38,38,276,372,215,25,330,222,108,278,"13"
"species",39,39,256,4820,1663,957,299,217,81,258,"1"
"species",40,40,246,2253,865,314,310,182,128,248,"1"
"species",41,41,188,1449,559,182,247,125,123,189,"1"
"species",42,42,257,2780,945,398,315,204,111,250,"1"
"species",43,43,282,2768,1072,207,342,227,115,278,"1"
"species",44,44,272,1227,503,64,340,207,133,268,"1"
"species",45,45,224,2496,859,403,279,171,108,220,"1"
"species",46,46,261,7024,2458,937,305,221,83,257,"1"
"species",47,47,216,3285,1218,300,277,160,117,215,"1"
"species",48,48,167,3159,1168,312,224,111,113,166,"1"
"species",49,49,257,3575,1295,359,316,202,114,258,"1"
"species",50,50,251,3727,1550,256,325,187,139,246,"1"
"species",51,51,244,2824,1381,234,299,195,104,252,"1"
"species",52,52,253,1280,885,9,313,192,121,261,"9"
"species",53,53,240,3326,1057,658,298,185,112,236,"1"
"species",54,54,226,4080,1300,766,283,171,112,223,"1"
"species",55,55,230,2819,1481,180,288,176,112,239,"1"
"species",56,56,218,1892,805,99,290,146,144,221,"1"
"species",57,57,260,5066,1706,636,316,209,107,254,"1"
"species",58,58,252,2471,1094,172,319,194,124,254,"1"
"species",59,59,253,3424,1512,221,310,198,112,255,"1"
"species",60,60,254,3799,1689,268,307,202,105,258,"14"
"species",61,61,255,3056,1017,488,299,204,95,257,"1"
"species",62,62,199,2740,986,290,255,141,114,198,"1"
"species",63,63,231,3226,1109,402,286,175,111,230,"1"
"species",64,64,261,2791,1077,148,310,218,92,254,"1"
"species",65,65,243,2945,1162,131,297,196,101,237,"1"
"species",66,66,264,1993,776,95,313,219,94,260,"1"
"species",67,67,246,2924,1263,77,299,201,98,240,"1"
"species",68,68,267,1912,851,54,322,223,99,262,"1"
"species",69,69,255,2539,1045,116,307,207,100,249,"1"
"species",70,70,266,2413,678,493,322,211,111,268,"1"
"species",71,71,261,3207,939,667,314,206,108,262,"1"
"species",72,72,264,2827,851,554,320,206,114,262,"1"
"species",73,73,268,2403,723,407,327,207,120,268,"1"
"species",74,74,261,2915,916,554,315,204,111,260,"1"
"species",75,75,267,1933,620,281,336,195,141,267,"1"
"species",76,76,263,2084,646,327,322,205,117,263,"1"
"species",77,77,264,1877,631,242,335,192,143,265,"1"
"species",78,78,249,3182,1249,407,316,190,126,243,"1"
"species",79,79,269,2702,1345,116,351,198,154,260,"1"
"species",80,80,236,1072,476,46,306,162,145,235,"13"
"species",81,81,270,1190,501,141,322,216,106,268,"13"
"species",82,82,230,1238,589,83,295,160,135,232,"13"
"species",83,83,278,2741,1054,176,339,209,130,278,"1"
